43844
71601
20956
11146
9610
60147
55267
46494
94411
57957
65937
95984
74831
97443
48508
77739
60325
2125
16890
35354
32940
94262
11701
25776
18521
16562
48073
60245
43479
29167
97481
6126
58065
97933
62636
92943
25876
90905
24077
66618
32605
39437
70507
69260
49674
46525
97498
18886
52947
55518
54800
98365
48978
25766
21305
82329
99293
86706
88598
39120
93969
67943
22465
11379
84705
26124
31160
82325
12393
21722
35719
39471
73487
2754
78765
12373
45295
72185
88019
3042
35674
658
56657
93272
74638
12758
36408
70683
11972
21055
29235
76114
71724
84976
93031
85771
61655
40175
15991
3907
49993
16687
28169
14984
94847
23785
63905
84620
30638
11716
93473
65824
36791
94124
44329
21540
32874
98322
14920
50120
38669
68176
47193
45751
90953
8419
47730
40144
9928
71344
33502
77515
64038
59326
24869
56442
72830
61165
76944
24345
89883
58759
56029
20285
81721
75802
46478
79386
65758
14027
738
15910
52510
47991
29163
99723
28424
2792
57711
84961
98913
46431
25485
54087
8562
32127
66837
8697
58744
27862
75808
48028
72300
32205
65306
51571
74100
54089
69785
86263
93623
48346
61135
93780
3002
78463
77429
48298
588
52326
29328
82077
64241
60780
13418
48251
93008
35039
71621
51601
74692
36876
62619
26196
41644
45108
65404
42494
57547
95446
40503
15215
13897
63232
30641
41889
48975
82563
40938
59458
36016
52470
25847
74147
51635
14618
75321
52287
2694
38952
13495
79456
79406
87106
45608
98593
76980
96943
59749
50346
45770
12167
98211
33633
57368
5427
19795
47778
7141
14011
38727
8071
277
49290
46666
73589
43552
39180
72564
30248
77684
65982
53868
87474
40121
54149
82986
1539
83252
84794
4921
3563
62603
4257
17599
33350
88248
52071
23583
48337
5048
6720
25290
27339
81229
21743
15579
49560
97384
91072
40272
11312
19863
91295
59029
80736
44681
80497
74751
28096
73505
69866
53123
70966
89505
78269
57042
78785
64642
59441
59239
39190
26116
90996
73186
20325
77185
26403
22561
13475
25791
93928
65002
15255
17604
32361
22465
84031
6074
88187
91357
8456
46648
62350
10405
34253
85803
63461
17184
42974
84340
79540
33687
33669
5450
34842
76120
66236
74028
63330
48005
20447
22698
42204
52198
90803
83119
93609
57090
14476
31924
62274
96226
84924
33935
91409
79606
40255
72004
74597
46491
28670
51760
12037
35760
40383
48625
83070
83820
21982
52480
25460
45409
10434
42997
72483
16742
46496
23716
9724
21510
58665
72652
91136
86936
2126
64796
27042
88973
31067
63314
71760
16370
73933
4755
58875
95433
90629
21009
28473
95371
16184
27154
73894
45689
47408
95624
32937
61569
43233
20724
60395
68556
96388
63790
52339
80820
13783
39130
76322
65712
41352
70837
99917
20983
36617
78187
57896
98880
7312
89404
41553
63915
54237
98996
99735
49848
85094
68216
31033
38217
4419
22210
32004
84606
48873
53490
94250
93263
18479
87203
13971
65440
30369
16086
29721
75657
9423
57515
37865
22403
60701
71805
15452
26036
8899
91832
72875
6417
49534
23423
72519
6119
14086
93023
60470
27126
14045
37267
89781
63349
31238
55960
27149
99544
96075
2504
8659
32312
94921
89268
52859
92413
48052
82894
33168
74424
96065
62432
43273
15430
56202
93047
65090
6775
45202
14087
84906
57739
85052
49844
35855
88457
87673
23508
79407
39080
29618
11829
2621
71249
14381
99151
69213
76710
77240
66016
76745
80744
76497
15734
30604
43205
98780
46562
19830
55537
80093
67696
56109
74224
91309
71978
42583
31729
4190
77347
54999
29435
92811
70534
56459
98857
76035
45398
6951
83011
26162
11869
45067
74705
50360
92714
81666
73338
5357
16727
48633
1219
31725
48324
48976
8791
93233
88858
2735
70446
63504
82532
13727
62966
94837
69558
81702
80765
87608
74738
87014
74693
96488
7233
20648
286
53106
57649
66656
72377
34816
12639
45308
60317
45372
38709
434
80196
2987
38136
34346
4212
46342
58640
38513
7076
80629
29201
65490
68802
71733
85860
99737
78598
72521
35044
66725
56002
16021
86307
65084
81157
50238
13501
76965
47866
23034
983
49519
7158
61097
62579
96338
79076
94686
15778
10899
45339
84120
66450
57379
67606
63585
20826
65052
71800
38588
11993
61726
49009
83298
33563
6789
83777
28440
18907
10867
69787
27653
67850
78321
47609
78500
13858
48211
16915
9211
43011
71638
7684
48381
25876
19585
24393
97699
64809
1477
16102
44189
47955
19280
46157
94627
89182
33617
46659
8599
99672
13525
86609
20432
10086
7190
24791
5946
80260
27298
3914
68379
19530
17027
70089
10744
72558
57717
54507
85542
21221
24871
96730
52697
7984
59917
28594
45161
44822
43066
84005
15061
68951
31523
95137
38723
44669
37194
32617
90842
46128
98777
42318
21372
43196
4853
22235
16254
96760
38785
46493
6271
53465
80536
43646
8992
8339
12105
47982
60992
28305
19885
61345
88862
79941
11393
11864
64585
16960
13094
25116
74837
81426
5826
51851
88855
1728
11895
4878
42298
26765
13573
8178
49964
22763
50666
69656
1716
86323
19071
14743
77114
85884
7532
68786
20189
91445
63696
76802
31041
18201
94087
93583
981
39890
78797
27494
54324
3594
90035
82069
22448
37332
65930
64896
17002
63183
72138
56407
55612
1746
21783
25944
84020
64840
4340
74314
93947
92967
76841
94166
36485
32301
85847
49179
31279
95564
80767
52238
69583
24942
60241
26787
63855
2423
91276
94836
72437
93003
79925
81761
69326
31498
47966
50358
20030
98967
37421
94782
42897
50624
24164
79632
80400
75977
48644
7255
74065
33267
99165
50982
84264
97925
36913
13670
4207
99346
41045
25743
98860
78418
59210
5168
55700
86388
41127
78390
90271
7553
62558
36641
60143
79371
69346
78907
16597
74054
5198
84408
41186
53322
37864
70088
87651
21101
58744
67205
82510
75123
67100
98916
1833
36383
91058
14045
49676
86931
81084
21641
78415
58295
42745
48447
60633
58113
70238
28116
29625
46074
26671
66527
94682
23094
42006
78661
5670
16800
21236
40070
24006
2812
7624
44688
88405
28788
67095
51501
49743
2889
39463
47607
79459
90294
68108
80042
44284
97101
14456
1771
32425
4302
33098
71217
78332
51847
46968
13299
11451
6611
81303
90374
75924
35198
42560
80036
9332
5826
66150
5443
93160
27901
26115
60188
63299
76200
69637
49465
79056
33893
92905
22649
97909
17695
377
70293
8041
13319
56314
93319
21282
46980
77672
85831
44407
65463
81011
85606
75967
2225
50303
64484
12433
98658
54365
46412
69657
25585
63302
44554
81168
29751
28591
2767
84706
3926
6873
51275
33147
92376
26443
43711
47249
79799
48129
20216
27759
83704
43652
13802
79732
96382
54426
63083
79495
19135
33529
28634
29860
17913
60493
97678
30617
4070
14482
20912
98199
17584
93120
92115
57660
96313
39166
6685
23274
98990
79183
33743
31707
56724
69422
53202
90642
60004
69583
10105
88623
53947
70988
20048
20051
65606
60797
52232
17693
36241
5182
71302
33741
71189
25275
6805
61557
38479
7444
85185
32993
20001
65432
98130
11210
46729
14175
33290
17477
33457
97939
85421
10360
17144
71212
25155
75381
69862
43190
52393
89783
86441
62588
35097
91844
57259
50035
22023
58236
5265
48303
46543
99621
4261
64630
20772
75465
18218
59889
33787
6010
77184
82316
69879
23468
63541
167
50023
39359
11211
44132
33967
63429
63899
90736
12687
90301
11776
33426
56293
15016
22407
79135
48410
2878
63320
53022
90402
34465
9849
3487
77168
29935
77004
22792
97302
30708
3654
68114
98708
86168
95786
21694
44741
44549
10109
23513
81541
25874
77634
55874
57695
50676
53998
18039
52934
6017
85538
43096
17021
77769
5878
40715
45068
28585
47253
53537
71006
80006
42350
90827
97331
47980
2725
48778
61292
71156
95169
66875
38100
47571
25436
78739
6076
65300
86044
97569
22265
63163
98815
25415
15540
20943
98068
41311
25970
82527
41173
41207
89990
49932
5742
97668
10887
7811
18022
48774
38378
25086
8198
63569
92348
95212
7232
96054
86494
43439
85314
91681
87715
99801
45868
32824
34103
54517
37204
86736
58743
36806
67517
60694
80802
50555
27519
89368
69181
18841
1811
94955
64976
32108
76656
89073
43644
91698
67929
80227
53488
51140
40896
97929
24799
80489
33158
55004
44461
16464
86221
39424
28393
94334
2374
9289
92804
16103
98606
36286
27791
84663
26293
28249
81586
81506
14683
26342
9654
10187
38623
55552
11565
80954
73717
45656
84720
61398
7015
14301
40184
26924
11578
43555
28321
45160
26550
79401
9993
19427
23645
83399
29327
38112
15613
93578
11136
78189
61366
64444
29609
98156
26341
44361
25954
71967
70531
93175
34216
25255
28228
50307
71222
97768
67203
16396
17768
75431
83562
12232
99391
55570
66017
18203
3059
74030
4205
87730
36867
99775
66898
83630
17542
82766
50906
36918
9256
16668
14321
18498
99138
119
31010
66307
43788
18322
35730
12758
22498
94157
18972
10858
12117
47266
70375
6029
18267
17822
77340
1306
13237
26437
90883
44498
48104
85217
1496
35788
13461
81076
62228
20892
19382
47842
57817
25007
50538
97660
36431
34839
54993
73580
4036
34355
77649
54024
95917
66867
3701
81895
39409
84986
44122
92825
93754
49139
67341
58687
62012
84961
11780
77537
28381
66337
68023
77887
5950
11610
34331
82162
36998
94949
1474
14390
6969
69509
36673
983
57209
84949
41470
16978
53441
51126
46319
18183
69004
51939
68014
95625
61795
13242
73253
39026
41657
7315
38492
66343
18234
51877
5410
88156
28215
52898
50598
96343
46121
81620
34022
93055
89841
12797
46961
89824
51231
86081
58675
88808
71334
85125
24453
84720
98235
19611
12691
75705
34392
52209
2739
78097
11957
41443
63783
2794
28986
16893
37522
46017
89083
98057
16664
93421
87017
22455
45485
7796
94282
38081
98987
71431
38161
93974
88657
90988
7299
74062
7276
46757
78858
27670
56124
28212
48831
44427
34710
55927
30616
64956
40562
97932
32753
34258
11478
96731
20236
48659
88053
86566
45151
62105
88532
74165
28540
48210
40750
12878
44186
20117
5404
66878
9482
46867
97851
85434
92522
12399
47990
18550
45224
98572
22361
51033
85151
96093
21462
1111
21530
8588
24458
49308
75031
11049
83128
40885
13487
9051
57766
64708
98627
62822
15458
94685
99951
57199
42761
52358
29998
80591
12352
75389
79677
67523
81521
74295
50470
74498
82612
71722
34228
457
22093
77492
14505
5059
48012
59892
95408
20913
65177
38863
85228
32120
88562
1166
58763
67627
14492
53973
45129
95790
23266
65880
1506
2108
96953
36933
62823
90532
53605
72527
48150
40025
90109
45758
85226
41681
23476
45731
79728
5768
77892
1665
46795
42576
80345
71070
46848
29579
5036
89027
68713
30842
24471
77798
25547
6982
69338
98985
62305
87160
8009
11706
75182
31218
51378
39598
46435
47123
60178
79305
46929
87715
18569
72385
42835
1470
99130
22017
70622
34620
69573
40473
21865
19557
47551
705
11564
19099
54844
53313
38706
72213
31569
86166
50080
16442
27224
15414
72348
63149
27356
21762
37364
19188
90119
85236
12684
3361
41296
65082
3600
53947
43660
52170
11093
92361
78321
40794
44386
83317
41831
99409
22283
79904
16022
90991
67086
68197
82018
43324
84064
46184
82003
3922
46958
4261
91046
1985
61833
46674
58080
82730
65431
97153
25762
42371
81771
97204
78188
86637
27301
71890
1804
8180
69682
91610
8975
16350
19608
13333
96489
67655
49739
7282
56426
26189
83374
6820
59361
51664
18411
90669
25628
86885
25948
90174
83867
39661
54900
86674
86386
28967
34892
86817
19023
97128
99300
99053
54794
20217
28519
20218
53868
36871
57614
92042
88908
35025
90151
94672
28647
63634
81114
78774
93125
83200
65699
3195
23895
39201
96251
20787
71383
49815
28303
73266
52908
29340
79615
33067
86568
79382
33907
84666
99424
97984
82711
15172
10196
62029
27034
82376
49579
14242
8977
35645
76813
44139
68658
86462
80785
79354
28937
10272
60656
66926
84819
68648
5902
32531
83747
74726
8556
96912
34061
77479
90312
10587
23460
83391
77727
87125
1680
39989
53655
84406
38840
9574
96884
6818
42789
68232
6532
17270
85862
68756
46844
72643
59041
37657
71324
54255
85323
28392
55735
31668
23207
43027
60436
62529
84433
93018
21976
86170
42870
87344
56122
62942
91591
79014
89529
78857
34464
60266
12667
10823
19293
71806
41715
60336
78996
78116
24805
81954
43396
88988
75533
24364
53272
67887
40794
25956
68052
68457
44365
29204
64774
88524
4497
21230
31229
85973
76126
49205
58502
58584
51986
42806
82419
34311
52500
26962
45133
2361
19114
29933
590
46934
30266
4797
52147
1368
23207
88950
4731
43212
35492
14820
53051
32082
45620
28989
34607
59070
84930
20907
70247
79302
37439
15520
90175
54804
53900
75309
18381
65566
98395
56851
67015
65380
55267
61283
55187
80509
66658
4494
57645
79490
10064
48924
26501
38898
5650
99198
1885
72714
5834
49013
63503
8541
16881
12327
4825
4865
7813
63928
66138
20155
49133
74250
95321
75927
85297
47045
56507
76627
10194
80130
38820
34140
97133
78091
66965
81775
23280
74194
25486
96615
67809
56432
89218
45387
21555
36250
66799
77989
22396
37991
59253
37666
23269
66819
2264
38990
16611
18987
45977
49677
49078
89426
84192
52872
89557
33352
19953
83594
98411
51275
50529
95358
15815
83542
81974
44791
69474
17535
50348
67670
36430
66610
74366
82066
2999
39059
13735
39871
75742
94523
22741
70957
40428
83664
74003
50593
49032
83825
55688
67278
27831
95858
26848
47473
39602
3895
52987
35886
72054
33016
3733
8613
72884
87787
15898
58563
4763
22891
22854
77728
28811
62371
95823
25510
6306
38587
88749
60677
93630
37623
60355
9309
4786
46695
72950
74805
37059
91432
50778
24006
68733
15506
23567
31786
40680
74755
38770
94687
58488
42379
32098
10155
66295
95350
19207
55373
50197
76654
45806
37900
9714
59302
45482
35454
93434
12883
24463
28134
25233
96186
9629
55341
39064
27758
53575
42912
40850
46192
71493
29097
66550
44039
77355
51066
99240
25957
61420
7846
45031
51766
4889
13406
13349
26127
22858
61168
94269
37799
95653
77844
32896
14030
82793
91569
40910
8989
24074
40236
14581
64998
36680
63183
31662
54152
11858
2186
54784
91898
68076
25675
96395
47753
66389
79224
86772
85369
40792
49104
84441
42013
11633
37512
82641
7234
20839
91271
41014
65641
59901
81426
29834
18492
34435
10202
95981
99155
82499
52070
3738
44583
45625
34005
30296
69534
74466
11085
17082
23126
17897
9322
56287
49433
44661
71663
59124
83656
32920
51886
72565
75897
16916
77635
35886
70219
4842
62332
93422
45737
53118
79330
40686
64056
14057
92420
89203
27413
22706
49560
61961
15767
74848
45059
54129
77762
31802
3869
26873
54287
62242
34497
76870
7208
83461
86609
68053
93041
49625
86044
52224
7537
10234
30406
89472
72668
43132
94396
52685
85771
73671
31819
15249
74045
69641
20893
769
25822
53443
33643
99794
68855
84076
79144
46728
13048
93455
49577
84352
51696
3183
53492
27166
45316
51617
77690
36495
3755
37847
37948
68095
80224
61563
67316
27008
45843
216
3779
74962
93564
17678
36355
51299
14307
92033
63205
6922
55311
21384
99613
21967
44127
52122
29854
70049
12333
74743
20141
60043
42915
18986
50903
77175
80032
2076
24481
48617
59823
5831
935
913
49780
77823
69726
4544
49658
58743
47976
82145
36913
92731
27879
28152
50620
48079
18554
45703
30448
87014
71007
15157
63100
74728
74345
65944
75030
67283
25815
80515
13074
94086
61863
74799
36853
91220
69600
39667
75332
62753
99218
90529
88565
41888
98690
41398
30434
80457
5556
18083
34578
64204
34968
48896
6717
23853
20862
49932
69987
45617
10492
31461
86379
66870
38233
22192
56768
32913
74624
77122
10762
71013
79706
17157
41407
86299
67172
23137
11916
33524
26048
96342
91715
17632
24843
53635
25661
7286
86113
17054
70719
19449
71906
6683
55316
47644
17222
48817
30843
19520
45725
65184
63147
729
96507
72337
59726
29519
83395
35843
72237
68589
59000
43953
47684
47659
82621
51446
51421
80843
33804
46714
86364
81212
40578
20350
266
7989
5844
8086
68505
18522
31377
70486
88695
9472
31948
84183
76930
75877
79778
30141
3384
2837
55298
84147
96275
77514
76130
3882
50084
61638
98257
24654
44470
83693
12690
51895
96744
51351
60384
81396
39628
41153
64312
69982
62906
95936
3934
27886
3260
95566
3376
36913
16896
17432
5359
29710
57363
47729
83995
98720
37511
89459
93347
81051
2147
5443
5069
14692
70527
31341
62534
12990
8072
88353
98654
55796
88303
28405
64673
57459
60677
70853
36956
6010
77317
78479
75222
5796
13343
63776
57638
16790
60908
79260
45635
94810
89847
69051
9078
50822
16307
35660
3020
76124
29513
82988
25456
17026
94658
12587
97983
34456
37238
68789
73154
52214
58675
37278
1774
82090
20043
68615
6350
56770
95297
59650
99162
95907
81111
86299
45154
11257
39268
66437
69176
26708
85149
29695
45570
16521
32951
28965
20463
2930
19129
41903
10955
28971
9023
51819
77704
31687
80213
27756
78057
3987
88408
63971
16863
69247
30256
18735
8204
84413
76681
66039
23549
30442
84213
59155
12438
23638
90196
38403
5871
21697
89550
25327
80540
72053
47044
73885
64831
64801
75473
91090
92850
84210
26903
34725
25390
63019
32743
20295
58819
41604
50318
76315
5345
56630
7337
53732
10930
44583
67954
91712
7349
84805
15066
6630
79197
89977
56003
38976
45640
51531
40648
63556
81992
51113
61319
95639
14260
27858
42797
14033
16171
12549
3184
16318
24800
12709
67803
68193
7467
42435
16214
62016
21183
65232
95836
46487
65411
71940
64709
68380
12701
56896
4803
24209
47945
89745
49318
70162
72705
95687
32429
17844
26169
39355
60613
98838
43119
30091
97061
47890
67212
90615
56312
36035
92357
16922
5718
55348
32809
85203
30565
63937
31024
45925
40923
24117
52669
24110
97195
46787
37067
33670
39994
56767
90624
52981
29045
64495
73524
62003
18697
30442
16188
36280
5220
94026
80254
94572
83020
67743
45875
82064
57720
68675
28434
95564
30291
70377
50326
85431
50560
63474
99511
60721
34432
97972
83688
12736
9055
30574
128
63962
65301
91562
59893
60600
89902
74298
32375
38594
23095
27413
29003
87810
59650
95132
22082
90371
19501
30152
22642
4739
57510
90424
99932
1976
51238
28689
53295
95420
52316
86881
97583
71091
15687
61691
17098
64188
33539
14497
29123
11045
10731
56189
92540
76842
12891
4100
13359
49644
83623
99496
59678
59324
92341
54224
26849
88240
9337
70285
97975
59008
77771
4681
52702
19968
80925
41092
42670
7350
39706
38658
55485
83833
68055
1260
22022
6685
6420
96565
41156
33862
2875
83289
10618
54798
12593
22159
48386
23015
92439
73945
99723
50525
16855
87818
71150
93753
84643
58727
8767
97085
7104
65223
61407
66759
9562
87878
69562
86544
83889
35114
4484
35559
4914
31883
6690
4710
46786
70992
92479
73173
88471
18216
46105
4169
56879
99837
78381
66001
22745
20072
26710
58998
98715
70107
26249
27606
88026
91193
27426
1562
82746
55424
88030
95535
73912
53726
17962
41254
50216
77734
63243
15760
42762
12658
85259
80538
74953
32681
79262
15280
88359
36450
83242
18701
64197
29941
8976
93540
98893
23065
89133
45570
37315
19949
50358
1107
70998
46496
95889
64111
53875
97850
47865
56561
15385
94094
29682
22613
33247
23525
90106
43120
683
9051
60384
16972
26168
22136
60434
88515
33405
85263
9271
18201
50038
70455
99966
98947
14940
59628
52580
27378
95748
25035
78975
50344
21123
92284
36298
25538
89576
50245
76837
93893
34632
59752
70650
27033
30215
11878
98493
28254
22484
60590
59534
1423
58729
52445
52901
56465
51106
78052
99781
33312
37469
79783
87760
35020
47366
19632
76644
55795
65629
12904
57260
11101
15291
66982
66713
16009
39008
7403
80787
37996
78067
54188
47068
6188
35707
47311
23564
21235
14193
67707
69482
38080
40354
12882
70611
33183
57313
33865
52640
94240
68484
52698
22364
53432
57222
58606
43606
60604
29902
22380
71921
86293
24602
8321
51761
57497
93951
16715
5374
97450
10481
54435
2506
12959
94539
2714
90577
77040
10229
31577
55267
20782
98314
6202
1519
53816
69378
67029
31303
45361
57983
83795
502
28245
61577
97047
70521
54458
18488
5034
33152
91553
46192
11916
30759
37884
45911
56522
99010
78798
84160
74381
38498
88648
7852
79340
94986
46774
40994
17159
25647
10885
43359
20746
40062
7508
1842
63474
72840
99248
52998
89852
85429
48972
61915
54524
58076
52029
45739
56405
39637
17528
81518
55080
67174
1391
68859
274
96855
61384
60472
34913
53709
20795
45648
51338
31432
92616
23403
33712
48023
43165
33895
39425
7230
70610
80548
29474
31078
58914
75549
30209
50138
68222
66686
12935
80818
50239
80677
11248
80985
97128
73029
58814
74460
32198
74138
79465
52363
93549
43580
59954
55625
87196
61197
82086
54547
53294
94430
62498
78001
50619
97750
77961
86264
29462
42266
54225
30354
29149
51560
81985
13703
29514
73063
81507
68741
9423
31384
1392
25810
31563
99739
17166
88546
11038
53858
36010
54517
32187
76883
45919
71178
21106
51179
35665
19024
83953
91141
91256
11042
71842
6576
13016
19111
300
90886
26394
49519
10232
10524
14497
3606
58487
14042
54433
37849
64128
97712
69270
20184
99313
35268
46942
74877
91357
74336
13819
68289
35873
91347
31050
18278
10832
24041
63319
7601
6965
6137
30183
95429
74060
76584
6901
7758
38853
10537
25251
52309
47514
9958
35690
1585
33048
99323
58993
60894
76987
18553
82792
95257
24860
88353
64978
44894
92264
72886
77666
22840
78586
14884
4624
87364
41821
46754
52023
98133
73530
91606
29898
56663
556
70297
52999
50621
15809
96896
69461
77444
53265
37136
49014
53569
81288
22541
67900
7964
84386
88932
46343
24194
71013
10363
9172
82340
46426
92652
78978
60126
19651
70580
29772
48033
29878
74125
22804
56774
31224
85554
3667
95870
37709
42275
54041
55830
5641
72793
73796
55625
36597
71775
84297
8236
21549
51891
67701
5218
25321
16249
3288
31296
57791
86495
60660
83324
55596
76271
75391
42774
37510
38944
67863
56302
17106
79947
68104
38065
26775
18462
53992
44393
3535
9197
79205
89522
37068
71162
8104
23090
83929
10505
75305
42965
42780
31535
30217
80005
46034
1647
68488
9642
2574
95440
92832
57588
76299
93823
82716
13146
1001
90266
79885
30125
35820
80777
44771
66225
93868
30249
34349
92321
88715
2478
12914
70233
34933
55372
15086
91870
90687
63618
71986
10581
25520
65930
49406
57219
35695
91192
41201
70976
54329
52615
61258
49420
67241
98799
97650
43788
18124
85250
25724
7909
5452
28617
43165
6061
37808
53919
20233
34562
45463
24313
59164
86111
88667
58234
93220
72015
12011
35689
49611
3383
38345
89692
76931
961
27324
97573
57156
30754
58122
33578
46632
69930
17540
86267
74186
23697
95112
97082
72966
63163
69140
20418
80852
74345
53960
66024
16022
27278
97868
41040
67026
25445
75835
39927
4566
78331
11074
62894
79861
68920
85913
14738
3022
55823
39351
79466
89469
53525
95706
80809
86073
2800
93223
79713
56656
17381
42223
8129
68557
71706
53445
45271
5269
94677
93271
17977
92447
96417
95469
94375
82128
55835
13334
54361
35208
26057
50820
41463
42386
31148
94806
52915
39916
26141
61217
39893
56719
99533
16900
90975
17043
31795
21290
83147
16682
53763
89502
58283
80356
96677
19543
148
56879
41324
64611
14953
72787
19203
67086
87892
54655
91013
1982
32136
44787
59894
31379
57654
3218
71692
17900
68461
33108
57646
49036
28033
97117
81559
13050
83956
79534
60506
3354
14756
50138
21750
29321
8782
55524
84112
57972
31466
6505
10025
2583
64337
13837
83276
95633
32951
78813
24012
20041
84257
96241
35664
25282
12014
54827
17353
5634
70880
39127
15297
54169
7448
52989
67654
47671
69117
8461
46566
30963
11718
86051
22421
57490
86115
65033
53765
91860
64712
604
45300
39278
59715
24121
62311
8522
59932
34012
79110
86319
50758
66441
67780
24081
85319
15638
33952
27528
22864
4473
46849
54545
33576
42566
51796
89976
29252
99319
99246
71333
28900
87188
88618
65279
89436
49669
74441
54242
80572
93882
51617
83117
90853
8671
586
66921
60030
46882
64144
12700
7165
1236
88721
30167
98558
35764
6128
19680
10202
92962
20828
85699
97718
88432
55391
97422
67764
61688
21456
58360
17078
62167
68022
7992
92659
83514
6670
96733
28809
51345
84605
61123
94012
8384
98546
57223
70235
43755
36821
78823
81045
2942
14526
68013
3621
80313
79817
43513
91787
84637
26292
95184
5475
52991
60746
30836
46114
72337
10629
92310
60039
1937
12285
86396
35286
85561
17624
1404
47086
8254
56176
43596
61419
31003
96233
91951
60377
73200
59740
44038
96994
9025
28568
22453
69025
58869
74471
99001
24317
96859
57900
18222
79355
37218
22835
31531
39865
92699
64389
29082
51758
76653
37809
39440
27523
63091
70780
76206
40299
74589
59464
71598
58758
87241
43111
45254
36751
39492
38560
6357
5352
60523
59209
56070
21313
10251
22575
17474
51405
48965
58712
3063
28509
77954
96245
3413
12140
57365
22661
55508
91894
32790
16731
61374
56279
14059
42972
66085
29013
38158
84528
65186
18644
44141
68289
41927
77111
28121
67275
31686
82812
33360
29177
56507
47225
51743
79540
89460
75867
96135
14352
58718
18274
43161
75383
6221
52293
67052
16045
27062
70371
65401
12405
9851
12831
12947
11785
21170
20530
97491
3494
7744
96749
11974
69694
75533
61537
61825
8918
41131
47330
15588
82658
6259
56178
86176
57115
93940
33283
68669
37655
64549
77453
558
56154
38749
13270
15351
91111
22704
25285
77879
11476
33141
44135
92693
58629
61015
65962
62496
55633
83924
91495
61743
46021
38370
54813
59813
12362
58247
18340
69970
8959
8111
72233
9605
83640
38610
17357
68916
60989
57358
6452
50701
77977
64711
42050
12252
49062
43071
90978
86781
22465
4811
10908
41225
72646
25004
42875
74300
53845
21029
70493
55218
42714
38834
4100
40868
85329
21048
60328
43247
45877
20168
98894
16577
65069
54108
81910
46763
94408
5304
28415
25361
4838
86200
2682
71870
3037
58833
77016
53545
52735
6258
71598
76282
31277
73918
85657
67590
8434
49199
23971
69525
61464
57709
51494
40997
11791
24321
43471
93130
76089
29698
63006
12916
67884
40224
29470
23271
79936
88216
70747
57293
36712
33565
83214
78510
3138
65272
54077
97033
35007
58846
3794
67578
4732
18327
55312
76985
18324
65895
9347
30149
53384
59713
12097
78060
93038
41312
26562
58689
27161
91583
20324
2742
6961
56380
9542
17861
16027
17426
58176
33588
54264
88178
91411
32297
68880
152
93882
75764
69890
41902
26401
89823
43975
1377
95036
52064
13543
80030
38517
36151
10496
13427
31938
30825
13874
48524
64732
13354
83137
23484
70597
94626
34209
71032
44343
80894
17684
40355
21056
72920
5526
43085
43127
7567
41075
75752
40048
73251
63470
91256
7378
88558
86224
24041
68950
79489
85516
79355
677
72694
88606
96547
94904
86221
14825
79851
68219
37381
93163
35848
53557
7557
30867
94255
73974
2316
68473
67919
30857
73456
1271
77689
25664
4500
8305
19513
21082
24115
58191
8584
67803
63992
91703
23005
50124
10916
30388
50349
96504
17090
43985
83986
98131
55879
18270
78514
75298
32760
12936
28641
89306
67516
71504
37050
50498
40018
75775
96294
31258
75669
72022
89869
50458
80020
25156
39949
59979
18731
31682
65492
20573
5581
84265
86172
8001
60027
46836
8633
41706
65177
84691
73694
69208
40151
53162
12248
93160
92630
10546
61313
77413
3936
71760
75292
12370
1300
27252
25291
29573
71904
67666
38974
31332
47008
89082
98036
72793
64105
12473
4190
3098
33505
22572
43415
57808
62451
90117
81508
93551
53355
46354
91937
5221
67115
11174
25972
40017
3725
95951
15100
45538
61250
13118
55838
70704
29059
23233
92728
71102
28561
74216
82742
44299
26276
27891
94743
51544
61712
24626
17644
54448
39427
70502
41098
96904
42039
29331
92446
38839
93615
66772
85238
80895
50518
71430
58563
1731
52033
85244
32150
20323
23931
23225
54420
66037
98153
94654
43762
478
66717
27079
53116
41375
20911
69968
19318
22631
97847
31795
47041
29854
17326
80881
38092
26298
29468
50820
56609
25640
72407
92580
99089
61720
79409
82505
72323
74843
67220
40917
38616
15027
1037
69789
73281
53418
88057
80761
48092
78753
77132
49436
58017
78619
98432
34072
80104
95688
69770
88698
63321
25792
87917
74438
41923
45150
82343
58174
58485
8678
68513
59908
28794
91206
11850
55325
59214
19574
11051
20838
70091
62092
62211
24367
52515
66962
42379
87108
4020
74725
96223
6036
15830
25367
21346
76610
8411
12754
14517
69310
91411
22189
22941
42124
27822
7674
92691
65969
18284
11724
48241
51976
71885
62623
40552
65620
85425
49639
94412
14448
15560
55086
80720
62910
78244
78586
48488
7668
62876
20966
19311
96772
42125
81014
97813
56946
64722
24558
33017
72762
75533
26551
19351
98291
24154
69703
2147
99509
46970
32023
43415
66881
12113
33726
21302
77793
55784
51406
82258
52290
4863
18958
89445
87526
77073
37868
77446
95969
29520
35595
82289
19498
58278
34501
26639
60558
99587
2970
55461
8810
95001
23225
54932
94922
33269
72578
93127
74985
90993
56933
9195
83806
11406
58448
64507
69473
22024
85121
49399
48360
82852
35793
13380
3629
35957
88786
61757
48284
25457
17422
42429
78345
85377
73634
21748
69539
95916
34716
9816
99624
66153
86063
98968
56559
82660
61569
97699
90370
24797
27439
41466
32364
83757
75626
32019
62957
50517
64285
73033
28226
92730
97334
36255
90782
22030
24893
88110
53282
74847
90634
77397
66763
12408
94288
93728
26139
3395
71617
27432
20111
88619
40623
94857
32372
91899
17894
36163
98325
69927
54624
35995
34134
87011
43365
39440
30368
29988
88730
2220
22464
9035
47308
31589
91248
39363
69536
85199
32489
3165
73588
8092
78192
24420
50786
19498
70014
47486
58412
27894
41620
66610
2816
89784
58537
42255
68387
50579
22699
63442
32228
79619
73430
75194
23109
63724
62842
82738
64705
89649
99960
73178
6915
85777
5799
16272
37777
61790
30898
3974
24633
58308
10810
17212
1793
32763
87408
16032
55348
18121
45614
70374
94238
58160
88134
53186
15345
84167
86673
71843
81126
51452
32618
51874
13424
27174
6714
33869
37562
66206
59325
51563
36483
56761
29699
52274
48351
35470
48861
77298
32878
95436
91675
6503
93747
51951
26763
66141
98905
35107
86417
33844
14156
3570
99552
26951
69291
92636
95129
38601
437
6555
93402
64529
42535
44474
92075
38965
24364
74089
31306
53891
84782
83927
79590
99383
15064
48335
18372
62005
54396
27393
37213
55338
81260
65618
39265
87175
39512
35531
43474
44640
87908
42509
24157
56771
49998
1339
40580
8465
28499
28816
65987
1491
24641
81123
6072
69792
211
9931
9407
74932
73903
98585
40622
67013
54365
98424
98655
62900
53040
51293
53218
60682
70383
77679
75886
75272
98723
15357
75903
543
13624
84204
22457
46775
88518
9975
77063
65731
91777
59554
32996
52411
2606
67000
56042
70028
92776
65508
21427
24350
8827
56819
46962
93465
20862
10623
54945
56159
12041
29086
72715
16593
94627
77657
90935
529
75660
76666
85184
8560
40628
65835
78786
73309
33603
53066
8511
89353
8962
71323
22265
11802
89087
90957
56036
23078
33876
67419
5970
45302
25480
92355
28828
96423
8987
52459
57870
62309
83867
98985
30636
84262
1896
79
15202
39500
5155
83502
89228
55434
59311
79299
18867
16980
39940
65986
67310
2537
84316
12471
52396
3071
32269
33357
37182
98484
5754
69507
39912
24182
3171
20532
73625
27250
74401
38757
4146
86541
88262
89389
96332
70042
23894
38490
48267
11167
4538
86323
72299
21182
16132
12235
15627
64804
46402
51275
56504
76763
19343
56257
25745
29482
61374
24930
31645
8685
40698
88717
12309
19181
77266
27824
16571
79023
85335
14470
36180
26436
32181
75035
3230
23193
61656
78955
7870
6787
1749
56370
32412
37280
39827
32258
25187
47803
44221
7591
20132
99195
21957
63060
3859
41332
615
50502
95196
17028
67267
51881
19558
42745
75053
30430
5747
72147
35533
55367
85112
99306
81588
46044
14313
15792
10501
12723
17416
72909
10552
56688
72878
84462
52600
21359
44479
28631
20955
65007
68495
8505
91539
74450
81398
68013
74833
76101
30753
81599
97839
5025
15855
97559
11053
56653
73933
40561
99067
29782
68664
46406
82354
99216
1810
80836
13601
35882
61172
7008
78468
98796
66002
21375
55797
39069
2945
31778
81196
85790
63334
29114
69456
16858
45455
71758
27246
62816
50143
75682
77744
89461
71582
44811
67384
26851
6949
65000
89440
76087
19325
81680
60111
95692
10161
41391
92370
5118
76295
26463
17081
45331
45323
32884
65579
94486
84055
91644
13605
76269
52583
5259
52908
96471
11809
18510
59300
55315
79095
20135
47925
3629
50742
31992
79207
53479
68956
44011
38362
77292
98555
72561
3227
84413
52481
65251
27237
36143
48000
71782
98417
90219
66095
88506
65631
64145
99632
87139
78932
22618
92150
50253
15299
22185
8990
94735
29934
83618
98750
89449
91799
50054
12341
21200
27129
39900
3448
78036
15408
85216
36852
15596
17878
27767
78137
43613
31668
97224
1255
35111
41058
60789
10841
93289
12865
49558
69028
39315
58465
13158
17805
75027
77510
50504
19539
31139
59229
99794
25557
38291
3896
55701
82769
66493
47087
65353
32688
12995
82318
62639
11986
10149
75842
48823
50600
84083
1385
29705
22377
86327
55091
23798
67791
32062
62712
61113
73054
14530
28312
68713
89645
74039
14074
78521
47982
96510
48475
93093
26809
74246
1693
8018
46953
63995
28732
24128
95688
66550
55600
26223
89550
13327
71225
57455
72976
48788
3810
4167
73263
84416
34454
6300
96478
9877
80250
37470
97166
96274
19369
39835
16040
12067
16899
87377
23465
7838
87852
17328
27986
62809
77281
99406
67166
52819
95975
45241
27306
35664
99102
85901
1390
54071
64489
76968
71292
25460
2480
29788
85390
59351
71926
59981
93191
56904
65874
176
4553
54173
23667
50345
63438
49464
92470
32075
47509
79186
45157
79215
39504
69218
45591
13269
93519
62764
72886
14024
22194
90602
72780
35975
16069
10500
18781
48748
39733
14323
7613
17342
60048
98401
22759
81607
58143
2659
1665
27763
51948
34662
27645
20975
1247
96076
38139
83295
6580
36129
67197
33529
5719
79652
52474
79407
78589
70207
19815
13899
98066
33097
40276
86433
1969
57050
48730
72410
26802
83572
74904
23041
30545
60964
93088
83835
76046
37922
59908
50277
6880
72851
56375
95788
57743
32508
51820
65816
6609
32897
99566
43761
20368
62592
87731
64114
57438
36028
92740
1338
9888
954
91443
55288
51421
14087
99526
4598
47605
63385
43432
18721
69159
78202
2139
70995
83773
349
29489
93509
48910
90052
53183
7553
94717
72225
80910
8889
26021
4013
24785
12435
93060
65602
91886
40496
83785
37332
62566
82431
44213
25639
73828
2284
71527
94958
61133
53653
98235
63717
36667
91963
43433
9713
13122
76572
24995
27366
14362
34353
26990
96642
59136
69192
69689
35730
31089
57723
82579
31855
55042
46940
75305
46915
14593
40884
8443
7952
59484
82009
46778
74042
54967
44422
22493
10826
87465
94820
97814
95640
40847
50232
93889
94289
66859
20730
43776
57989
41555
40479
81089
16258
79763
29542
25799
45738
53539
68166
81994
47912
72826
36209
80657
25355
38093
85240
73204
76931
60742
32251
87949
12335
22156
6071
35261
17465
71250
87383
28044
6546
73899
25279
25076
32059
18313
98423
21535
32986
38946
48590
64587
77052
90017
61618
34373
20695
30269
82897
46483
98652
36792
51265
86410
12810
16236
20763
124
85712
19165
66776
36985
42042
82056
78392
4048
65600
84254
2997
4835
19736
59451
55799
79899
11168
3951
98810
56228
69649
9869
98857
36167
14446
87796
53960
41876
77122
87246
21755
25434
68868
81472
64044
22348
98602
57976
39243
21751
90907
67187
19017
69584
45193
59153
81190
74620
66494
86488
24454
30148
32372
68230
45567
25449
36703
55396
35956
92713
88743
6177
34485
92812
66023
67425
86266
97524
43506
78131
14382
46307
68653
21601
44841
74611
63155
71869
55955
56337
25875
88368
74839
57187
64880
13429
94867
37190
35089
78936
86079
58730
16225
98262
84161
69045
34433
37910
43903
68797
87477
90404
51136
31003
75146
61325
58362
38514
29561
96927
64230
96101
97554
33003
78892
48296
50195
68834
93313
63087
51160
25895
61745
36622
65529
44299
7059
56521
28091
49984
21380
13936
26555
72882
95046
49299
19348
90141
85095
70015
996
51567
75790
9742
43085
16864
62645
36217
66967
69241
86422
65940
83435
26974
81517
65345
37779
65024
79714
67908
11399
37825
57873
61260
42417
79801
61403
10035
9428
18951
12513
49360
96905
9627
39375
91587
77617
39798
89830
12834
87765
35288
23310
61186
77051
6316
46775
84726
12089
33559
50603
23776
33768
2114
46611
39437
32275
45207
19566
55719
31891
35087
35841
69191
30630
35895
91771
70995
66278
82647
29982
81154
67318
57045
40144
21744
72526
71172
40224
46409
86332
84738
892
25176
12112
62185
25367
9197
68069
84070
38245
64439
13174
81846
76192
13404
41670
72543
51419
54336
19295
48967
52334
46003
85682
9516
13783
2631
41260
91873
84614
77406
32527
85522
30950
93184
47539
96420
47690
65100
44336
50495
84929
5626
47610
65528
39727
41808
31618
59281
33732
19361
79014
56784
5950
33264
14864
91803
3599
1340
63373
81302
77057
14944
57269
7211
26089
40567
70595
84768
45119
75766
45062
2396
72758
93466
13947
98719
90718
54053
6563
72723
29343
57645
15886
6793
6387
69632
91422
68004
97765
15213
81087
2020
95850
81233
74836
30300
74382
11345
53393
3891
25852
70309
73115
59782
9593
4046
29524
2890
94752
93473
77093
60350
96195
31545
21842
93382
45476
20478
90806
20839
76430
14728
71779
82016
59893
85616
30115
48367
93278
59095
9005
64552
47531
64437
43388
84987
43780
4139
6827
91738
76965
16265
9484
67652
95523
69656
48393
88702
90567
79199
44749
65780
60037
68522
25272
59385
21488
61671
4292
42826
15230
46299
74848
97092
33582
93372
92950
91826
86980
93985
96882
47590
96737
7455
30817
80312
57964
84897
84816
50782
57093
47485
30549
64537
17021
6083
23026
97370
26577
78714
1548
48008
90469
16369
48142
2124
22128
75865
36269
72244
81977
179
58338
62307
7711
58195
69492
91013
85192
20320
21407
55853
56964
39231
56453
98773
41913
15584
68963
37819
33177
69907
19446
95853
13334
66085
63300
39315
16582
37430
97727
10750
26555
6883
9283
46823
5194
82744
60666
16527
52134
61813
25492
75598
39684
53286
5620
77433
69416
49895
4243
55799
48439
12878
54091
66079
16086
67351
43123
80339
15303
1936
35680
67065
97902
9358
1991
71349
21396
84087
54594
60786
30867
30494
99648
33461
87247
11787
2377
74988
96152
84121
14799
32517
66331
86728
63166
93180
65816
32336
17521
98213
10721
83406
94864
38300
14096
31245
39037
85901
95285
2727
10177
6733
65473
25405
15948
2091
42026
2580
20687
74043
50754
28984
56579
40000
65204
42118
16099
12419
21224
41673
30303
45297
70321
11626
19229
23779
81952
45765
37259
47363
21874
85048
64923
63221
44898
71951
8957
1466
32552
32174
69803
92883
33663
91748
92829
57918
67384
55375
42733
33310
84555
35874
49512
22533
7468
95779
82365
39081
25579
14377
3464
66038
90773
83180
50032
26739
10340
17192
56025
93093
76294
39549
69617
84976
30054
23350
94488
3861
26614
45559
10802
54352
80998
90688
38652
86666
56255
37777
99565
97981
39019
63788
16069
95940
82686
22625
41981
42801
20384
99610
14428
89199
83544
89569
25907
55677
78132
41807
58120
44464
72398
26873
98600
30079
94377
48257
72557
42615
24245
85702
68647
86507
20161
52015
92724
19581
46089
51371
63901
17033
30003
32265
5862
28141
436
60619
6376
24623
80847
16751
22754
74908
3113
9256
24614
44982
91880
86778
99375
10921
21821
13623
74545
26403
94446
44144
44284
62691
52201
42414
25843
11653
34408
31550
71205
89580
81245
17919
58885
73938
34689
16372
12312
51811
87674
23498
83394
48350
73226
14131
39100
62443
10052
95218
86626
16466
30990
65099
95512
33225
8039
57623
86510
9784
29214
35787
44944
16991
33699
5609
11574
98269
86691
28260
37861
55432
81036
58064
87352
83240
19130
49029
3438
36324
87009
76259
97712
38998
82345
17235
22005
24793
17470
80531
20819
65462
77197
60580
39379
14387
32626
278
39511
39403
85090
83247
23506
13587
93388
81430
85606
65512
23194
28662
94053
89309
91917
66457
91353
36368
44776
63789
59933
50466
25283
71782
38223
8696
35359
84419
98796
68497
38500
47537
59616
51556
56902
68685
77231
96046
14988
7134
52705
41816
31750
34825
43023
65615
45811
88181
11274
60786
71496
26046
85795
24761
79028
95726
8966
986
4101
5325
37115
10003
56196
84279
19560
46670
52338
5467
44824
26279
99412
59200
3018
4067
84041
454
52449
98848
46601
38359
16426
7332
52406
12331
21684
53041
92011
66506
99035
71935
86134
3360
3717
74970
56021
43948
73287
34232
38441
68403
70273
36034
31117
51217
73401
2043
94278
28325
43888
62628
37836
48154
77469
84180
80863
56566
84927
9503
77421
65500
50298
23674
54539
80672
29340
43783
53214
26284
57970
51983
28117
71739
64010
31585
34250
93643
82690
54427
73595
54040
52537
4876
17759
16028
4167
37169
15463
10116
70473
36513
48958
22209
61638
58468
50829
80311
1426
51238
10733
27889
96721
64331
3495
34425
39342
59025
31529
25396
60460
30322
88826
52369
57964
35716
65079
52769
31802
48146
56987
85278
19629
31411
29702
56478
41888
51334
54501
70770
86903
70014
15177
45187
78245
46176
51443
81673
62335
14191
1232
53360
28266
8024
93747
23318
27659
82616
43372
171
78760
60139
71963
92030
2010
810
73583
97137
38465
95010
57486
99641
31133
86320
78807
48945
20390
32752
71662
72635
74643
13265
21472
10948
54776
47189
92225
17940
99626
61481
38905
12667
83476
13207
17708
99013
24500
87617
42179
73255
83864
17945
13090
65357
34378
14607
21534
83423
69469
59833
26093
70471
97078
28567
87097
14016
63934
24140
1370
35074
66809
42036
45055
66341
94953
93145
85577
74091
64939
95469
3765
84384
55493
16535
80143
26457
80136
49810
4132
39110
57473
79357
84664
81772
50961
27416
29089
67990
89828
83683
79231
13715
49436
35769
32109
69108
26270
80826
98240
23346
44947
47901
74154
38497
9300
31643
39429
52439
70825
43540
32632
47778
49440
7404
13614
88308
10066
78697
48450
68607
60406
7711
9708
77653
87101
6393
6035
96552
2581
66641
79741
52682
13743
78558
16803
97642
46024
84616
17933
46210
49646
91802
17135
15386
74703
28814
13286
1613
22336
65037
56596
19176
98223
22399
47579
71573
21928
20716
98707
17293
85751
45211
14251
31252
32302
38472
21762
65962
28764
5650
6283
84407
65697
62461
12789
88001
85074
73917
14492
4230
62153
37715
3267
90799
36332
90482
19223
41545
94502
23769
65674
2063
37343
49325
51562
22720
98760
60765
82987
1111
49595
39733
15234
29011
60084
67242
89127
79105
87247
83140
58945
15601
65693
5733
13474
77422
10777
61309
39482
75543
3069
36358
84619
33837
50991
39090
15415
86355
92804
3735
5725
43140
45160
13186
17242
31571
68429
82663
85609
19368
33549
96533
23155
28129
63980
64008
35703
56378
87023
69799
88814
81038
89624
65588
50302
66521
72502
50368
58830
5509
6701
85094
8073
33657
33857
73691
22869
21267
10919
9917
24372
14803
7014
43239
14160
53191
66895
63839
56806
51906
26973
53184
27724
83516
76953
3858
55100
64091
49644
13834
41684
54633
76599
62151
88159
15169
60043
61496
1141
87426
71820
67148
31617
54572
5295
47048
8197
98630
89325
68526
65591
69007
98873
36893
86786
85148
21213
72283
52192
99497
74706
87701
32114
39955
10285
61168
25574
48118
67589
3352
96752
639
13272
96714
76447
61609
72907
12951
65034
50304
18357
89134
46871
99505
41000
2619
74009
30960
71152
75547
96353
10182
47865
28116
28025
80503
16670
78146
89813
65268
20824
33285
61175
45628
31622
362
9937
69932
1721
41179
22924
57498
27911
92331
87326
14012
33825
90739
30853
82470
95223
18588
14786
29878
92406
55452
12095
99265
58903
68455
32008
21283
43829
93401
11836
76770
41474
61703
24972
59720
65001
68596
21703
1804
37367
33571
49786
57813
16240
24902
98045
37068
90938
30778
46694
61875
85887
4756
2295
85362
28717
9223
95978
19626
83290
16042
42953
54861
73395
55259
8227
5593
45318
59679
88963
93808
28540
28677
48277
54205
71095
55910
24798
90850
17976
81238
58359
59916
86484
8144
78029
87284
9596
36085
20006
71909
47686
62302
78321
14665
14957
69965
26200
29160
26131
62218
29229
53323
58144
30397
80254
73239
65209
84940
19394
50048
65962
71988
55806
34085
26304
15265
65285
52471
71960
85926
42222
70877
75410
93144
70216
11022
39175
93323
72909
78818
22988
77132
9935
66940
11453
38325
7586
42748
96837
42232
72396
38967
95264
54543
74552
31604
55880
95322
80610
39503
28681
37272
24229
64067
84396
65246
20486
1033
98317
7033
47138
19526
68943
10192
6312
18101
73114
95438
25504
80859
81352
39598
43499
8255
87640
18406
43424
76963
77082
87763
95461
95044
78513
43616
20697
99600
43994
34250
52636
64126
66850
31878
15141
78652
3291
67553
26315
50206
44937
8858
15502
80396
37193
58238
91365
66558
72702
51654
8804
3595
69823
75787
2889
91212
3046
70452
3063
23405
98193
4990
36170
28915
26936
52237
28089
91748
87968
24454
71560
89302
34416
64854
77987
73475
972
98964
92233
14916
62282
36797
29318
48871
36343
19076
48338
83205
4239
41675
49154
67924
64777
30616
75286
81286
96801
22148
23982
72704
38539
66362
40507
85472
6621
79321
47366
40902
61635
30966
15498
94369
77559
45607
49024
87004
28790
20786
28253
90473
98385
36973
37119
96462
56055
34088
81179
7022
82951
77171
83191
47608
51266
43714
21272
55904
81400
14248
49457
74502
6616
36624
80743
41561
34048
73378
43943
13202
76244
98306
46425
15319
42461
78145
86092
90390
86448
28093
69895
82174
71064
10637
4961
42423
67017
61458
99885
95249
73100
78264
53946
52279
45388
26709
43522
25212
71372
68318
91919
85676
32213
33016
47256
23360
21666
50391
76482
38843
94448
24053
40516
72764
65667
99428
24071
92093
42028
44175
69110
76647
59255
18112
70063
65989
35543
29013
31442
27027
35011
3905
15859
77985
71857
93682
36084
64116
41773
63082
80443
14194
89589
42059
83715
66472
72525
31333
42162
10005
69016
92718
26194
26361
17125
94872
57997
96510
59077
44363
71305
38634
1996
73121
77238
51608
47642
50995
50475
11849
12262
85167
9705
33010
28456
41124
40327
24765
99054
53433
20139
66323
55346
70531
65278
24613
64711
73729
63374
19423
65764
10237
9487
86072
81614
7534
59547
75490
7568
94210
29154
25427
25577
76672
13518
31448
67280
25955
45137
34618
77953
54765
380
84312
96012
68471
60795
88994
91269
51634
61814
16341
45703
25644
11862
42395
47373
93755
23043
67228
31129
94603
58061
47132
26563
58988
13170
73019
4582
48512
12139
75336
27693
440
22728
60970
78717
35523
63718
22622
7663
28188
87894
47754
94383
7242
89558
61381
14352
26724
94015
74188
23429
29301
77005
22383
56254
84206
50597
51972
31071
61853
91028
31289
54267
9132
67396
42764
1691
98239
45399
16717
57237
34831
23480
19050
24162
48211
70845
77073
24247
71537
47568
82054
86917
17759
35163
52352
5826
81388
57692
46049
76658
84685
58041
23523
624
63480
52665
77347
2384
61771
67913
85117
5235
22303
31046
10446
14871
70702
98566
11199
4461
72341
40662
58001
66358
80894
53063
75509
83628
79075
74092
41550
4486
81982
60277
95224
54666
31017
9263
84009
9311
63309
83827
2118
29875
25760
82246
72568
56139
2207
88199
55726
89253
78219
22141
37863
7856
23919
29511
65901
45331
6622
45868
21028
3262
76591
73580
63404
98219
58253
97953
50291
14330
96597
2417
77283
11967
71398
1107
16423
35285
54613
37263
49039
72269
39545
25996
92949
17034
29219
94317
48478
2850
32980
96737
58846
279
67480
40283
27334
11528
29543
56417
63962
31896
83179
1298
40879
25198
22265
58247
12415
48671
94745
74933
53045
53969
95370
47731
12319
82082
37293
31072
10915
62252
6101
78321
51512
62499
45997
45271
30711
22948
35666
801
55170
55382
67321
84004
97641
51436
90128
37021
95677
196
29607
33060
37687
94965
9246
96926
56642
80277
68598
19368
68218
90303
95425
68762
56015
7564
8760
37760
94888
32101
84636
38323
50414
33207
55504
11502
58720
77878
72872
44205
92009
91979
11496
5528
76638
40431
68341
86089
57248
66218
74021
49314
63444
41383
8609
11415
85941
27709
72962
96807
65520
81130
90655
66289
45814
88879
71200
87169
84259
18049
41236
29782
63913
50203
48378
62495
33206
67946
57219
79241
17561
4320
26744
37463
71366
3221
38954
75195
10268
517
43912
17082
23541
50436
29754
44882
13053
50742
9462
72986
19793
87201
66503
13430
97194
19027
98603
29974
57729
56585
85285
33986
94629
94007
65612
83653
58035
25739
47189
75041
76051
6324
15432
22599
38926
51041
28699
57426
23480
81226
29740
81590
80110
7
82419
61647
5778
15886
59499
33946
76885
20238
68643
29223
96145
82529
1895
77948
50195
3583
8680
11853
35719
14448
23552
69184
99871
76425
91145
41455
45753
69767
78861
72205
70649
53183
64077
71501
57493
57143
35225
28249
82406
56622
75107
15758
14693
34860
52258
9931
83254
18650
83614
778
7926
77915
79936
71505
5289
32916
26772
34283
60140
25867
48740
87739
63960
59282
25706
57637
18719
20019
47069
8509
96781
88170
14963
39305
2062
73759
90296
52436
93458
77396
22245
16943
12284
14812
28052
98496
40598
96703
29154
79315
60668
19440
85738
26003
4846
85292
84974
46939
99500
49265
45352
39855
3011
22052
63397
36627
32203
22571
61290
30603
4651
34985
48080
11033
80300
89103
51519
6779
76346
54438
19425
6801
91308
25551
43611
79091
50732
87645
72399
46905
51696
28100
67762
21725
47493
9730
44099
44496
88113
62237
81686
16768
99069
37253
73810
40562
77320
54904
85105
47210
20846
95415
84577
35521
23031
6715
28749
17846
73720
73960
51068
91615
38576
31012
76289
51508
17360
61076
21454
57911
65288
6757
70200
15967
62092
54282
64912
42460
12776
35471
9608
88400
20136
83200
27883
76664
5501
6863
41838
19644
42391
4641
76076
51820
29229
84495
65292
6151
48343
22153
49291
5293
4737
18346
8413
67927
53749
88749
12193
93532
90434
45931
67953
38713
31410
70938
53086
59641
72768
68755
82169
90884
54386
12823
514
70843
21956
18567
20016
53907
38817
18299
50678
98356
64166
79453
67518
80822
52940
89953
94833
41607
91691
16675
78996
73483
41606
92934
43620
90673
77412
54874
95889
54758
10658
50049
38898
79936
19787
60069
86770
70203
32665
29765
28743
70279
58783
71524
13657
60646
19832
82106
53794
61498
28334
37001
33119
57629
22970
71836
23038
89312
12463
8077
6009
16927
45559
64868
7940
81685
55081
8630
42557
60289
61713
25320
50664
5406
49919
91584
69162
79077
27317
9800
34787
8945
36511
49485
91116
96806
64753
85129
45843
48019
2504
13110
31733
77417
3268
35907
38820
32440
83813
39913
22873
89574
7901
29272
46607
58226
48830
83171
43351
84867
6630
200
49818
98651
94588
34041
12864
87209
17814
90035
21326
71046
9460
76720
9652
9129
14009
36608
92317
97613
77738
33956
95152
46618
98178
57031
7908
38439
39246
4956
94182
20441
34585
73096
81332
38904
22874
83382
30370
97903
91745
54832
75548
26366
25122
56431
97889
69109
64058
82771
86915
28716
92421
88310
54219
19247
73013
89508
47498
94185
36247
524
21529
58999
27859
7561
47597
83262
5489
33620
20818
86509
42926
68550
71783
36153
48726
76250
21010
13346
94983
17581
6020
8145
12977
95277
72690
40229
55454
55310
99237
39336
7982
76404
97729
98275
76106
8122
91019
54327
76883
16470
17596
54369
59919
6437
93351
2899
47999
25232
10129
29600
31176
84295
47097
23040
40384
82953
22969
61568
89338
30848
63131
95453
2822
56156
70441
13399
9349
13036
2372
66203
17175
42033
66190
85374
17349
225
37389
97071
90051
64441
14522
28570
5567
80888
69261
84465
24825
25504
68299
41488
92299
96162
38203
85910
81385
18300
54902
83917
94583
42348
49478
80261
90755
72488
73254
74035
97923
39451
47822
24274
29162
35518
60487
11252
58092
7016
19621
36908
91924
25634
40570
20004
37429
89744
13735
55776
23493
93390
62080
13170
68657
71168
78516
36017
16744
97033
7647
96027
91731
25228
6631
91156
31328
25954
82039
43037
64161
80329
72296
92596
95136
96568
51731
76090
27602
44363
3665
26390
42485
99626
32468
44674
1072
93508
3386
5863
18971
11395
8854
30751
3752
67711
70928
39208
58016
53732
92172
58780
6067
99604
83829
35981
63657
1853
69596
10276
69191
87369
35652
87371
38570
70242
17286
38092
91746
86563
75956
58454
96371
21373
69512
46510
56748
72793
66832
51372
16433
72115
56998
52875
43529
52508
23625
7439
28767
91951
84060
77940
42352
69317
21741
7590
17486
61985
40535
47857
64872
72199
88590
34368
21436
99097
55811
2004
75830
97572
76728
49817
80689
51002
83709
10982
39179
70437
41912
92477
45632
53342
31010
23517
73108
65009
90148
60583
52836
17100
43116
50713
88063
95314
15825
33426
36558
1973
4210
17357
81947
33073
17006
96180
45386
33694
18170
23820
72715
47024
33143
56543
53181
20829
2368
5559
69083
21286
77919
71416
56719
19934
26465
17871
4227
63912
50259
353
57615
60287
3416
70292
31300
49169
21418
54262
9120
27700
81235
16358
1559
2544
78765
28909
48157
13932
68172
10600
58815
140
53135
65951
9777
17495
20040
10904
64711
85595
15399
29216
34651
40856
6406
35118
95717
85014
12415
12531
89480
6189
36342
92583
205
49465
14010
25547
32837
19656
75277
21656
76815
62663
61195
31346
58385
43885
31068
30804
60591
83391
15705
17031
33550
23209
77826
58360
30549
71443
68255
68143
73687
27734
34759
32814
30189
68497
33720
65580
766
78805
23163
2293
8422
54231
40894
21710
35273
30019
40709
14767
27174
49381
44635
68019
44652
45531
24496
20318
62702
73821
74475
31908
25075
47472
72976
86278
55396
42186
6479
97632
47578
19489
99071
28880
43133
9434
94690
77857
34151
62074
43305
96551
60151
19653
88138
59803
96572
73886
8405
14554
685
97958
24337
94813
80724
19762
33037
35306
20884
65500
43222
97852
72130
47679
20662
12775
77572
54679
76606
66710
15904
85648
46300
93354
48388
73876
79324
34350
50237
29986
15987
7374
64773
62231
39153
27086
68703
25458
51847
45132
37370
38416
93908
25918
45054
18963
22814
81919
39677
61589
163
20824
85264
17350
29977
8198
26301
20237
15968
98989
49766
92308
88185
75548
15635
64473
37576
83881
19097
44989
88981
27054
73505
50121
97178
55950
81865
71173
47031
58715
1395
59079
73607
3722
52965
13991
71817
29797
43327
16199
78716
53051
38157
91153
12383
18326
9164
81432
98296
71328
19591
74069
75710
66849
63300
7330
7128
69339
30738
20835
98132
38578
10385
90502
8767
89038
14837
4700
72366
32274
26243
95506
31989
20377
65535
9393
92956
11257
25643
46843
19730
57783
99346
36664
60027
10286
95446
6436
61267
66405
82670
86405
33317
26659
44825
39377
24550
44151
12274
38329
3000
82593
93677
7497
74951
19418
98232
11766
14318
34430
427
49964
80118
51081
60545
45041
97154
69065
38951
15707
24530
62775
48010
18851
26424
33058
13798
5725
48529
62072
72736
69538
78197
37655
17982
92576
5368
21728
91363
79249
68613
99854
33281
54557
56908
68030
23921
17997
77777
56167
77097
63427
384
25151
32366
31704
55771
27575
68883
44590
96368
26682
12063
5632
68172
14111
86153
63695
26606
8658
86104
76186
92296
41035
19304
4420
50191
83261
20792
92966
52167
81607
54384
27128
35316
9423
14417
59063
6325
72103
87122
37242
99961
88936
95751
67592
47515
92728
4785
84595
47041
59499
3043
49489
57237
28674
15349
62151
57357
50422
70100
48617
57173
50638
31016
59405
68675
15115
25752
4517
31970
7504
99965
67186
37735
82378
42999
7787
69777
69054
38655
18257
74844
81822
51460
39754
67065
85884
53919
51168
38491
84894
55673
33311
57371
73814
73874
30582
99540
46739
2340
95378
36116
61766
81309
96572
33085
76734
2465
70412
14556
80046
35697
90088
47099
23259
392
34964
10022
68865
86733
71414
83250
85649
71907
78400
97040
60044
52878
91573
25660
40330
53498
96182
76709
53625
51985
15330
77297
38216
6640
23774
89917
61952
62333
89173
1596
89161
64818
83957
88237
81509
74083
16857
57984
56266
58047
43571
85021
43297
50415
6217
78890
66718
21177
29412
75729
86685
44829
22594
60799
42884
63076
33582
69466
44738
48762
25028
3323
75697
70302
81706
13582
20273
59800
97592
72841
33331
71374
59456
10027
27008
42293
6268
71296
14834
27583
34628
20243
63589
11295
98524
72229
2710
83665
20021
59052
45948
93330
21531
76842
35947
45652
79548
3622
1145
38597
98419
47462
61282
28023
92561
37309
90938
93867
408
76614
